[app/ui]
version = 9.3.0
modtime = 1741836927.917396000

[app/launcher]
version = 9.3.0
modtime = 1741836927.920195000
